-8.000000000000000000e+01 7.718599696196656623e+00 0.000000000000000000e+00
-8.000000000000000000e+01 2.485937603557109910e+00 0.000000000000000000e+00
-1.200000000000000000e+02 2.414768252265718615e+01 0.000000000000000000e+00
-2.475556811455734163e+01 9.540044492085908701e+00 0.000000000000000000e+00
-8.000000000000000000e+01 1.000000000000000000e+02 0.000000000000000000e+00
5.000000000000000000e+01 2.952389746904773915e+02 0.000000000000000000e+00
-1.200000000000000000e+02 3.320970119637149196e+02 0.000000000000000000e+00
-7.757340599708869888e+01 6.638857930580309130e+01 1.000000000000000000e+00
5.000000000000000000e+01 3.495066673570958926e+01 0.000000000000000000e+00
-8.000000000000000000e+01 1.000000000000000000e+02 0.000000000000000000e+00
2.002230548594898707e+01 6.238933905497975019e+01 1.000000000000000000e+00
-8.615665165409930637e+01 1.060770899936322564e+01 0.000000000000000000e+00
-8.615665165409930637e+01 1.845757559972181241e+00 0.000000000000000000e+00
-8.615665165409930637e+01 1.825542534841386839e+00 0.000000000000000000e+00
-8.000000000000000000e+01 1.000000000000000000e+02 0.000000000000000000e+00
-1.184401279036845125e+02 9.173503168664122143e+00 1.000000000000000000e+00
-1.200000000000000000e+02 2.187495805164422507e+01 0.000000000000000000e+00
-3.332711335126704366e+00 8.449661799141938445e+01 0.000000000000000000e+00
5.000000000000000000e+01 4.563219354916723773e+00 0.000000000000000000e+00
-8.000000000000000000e+01 1.000000000000000000e+02 0.000000000000000000e+00
2.785778884501699082e+01 1.159329691383110088e+02 0.000000000000000000e+00
-6.764136143832567427e+01 3.306060845333355758e+01 1.000000000000000000e+00
-1.305717335989842631e+01 7.042241936117916623e+00 0.000000000000000000e+00
-1.305717335989842631e+01 1.133052847287956695e+00 0.000000000000000000e+00
-8.000000000000000000e+01 1.000000000000000000e+02 0.000000000000000000e+00
4.968188379528356080e+01 7.328542410613121092e+02 0.000000000000000000e+00
5.000000000000000000e+01 4.060631603101727478e+02 1.000000000000000000e+00
-8.741997883931368563e+01 1.928121893106137819e+01 1.000000000000000000e+00
4.371746908771968521e+01 2.861440540971627797e+01 0.000000000000000000e+00
-8.000000000000000000e+01 1.000000000000000000e+02 0.000000000000000000e+00
-1.200000000000000000e+02 1.462708323672592883e+02 0.000000000000000000e+00
-3.015856801042287039e+00 1.694869618233462063e+02 1.000000000000000000e+00
-1.200000000000000000e+02 2.228017321197357603e+02 0.000000000000000000e+00
-1.200000000000000000e+02 1.845937815055344799e+00 0.000000000000000000e+00
-8.000000000000000000e+01 1.000000000000000000e+02 0.000000000000000000e+00
-7.136645735222751341e+01 9.789111857285401186e+01 1.000000000000000000e+00
-8.777130732305211325e+01 9.446500656376973382e+01 0.000000000000000000e+00
2.007961243587809363e+01 1.310241792578149216e+02 1.000000000000000000e+00
7.129106456727378749e+00 1.096667690227405245e+02 1.000000000000000000e+00
-8.000000000000000000e+01 1.000000000000000000e+02 0.000000000000000000e+00
-8.855419970967032484e+00 2.347829090545367592e+01 0.000000000000000000e+00
-8.855419970967032484e+00 1.753922163960097578e+01 0.000000000000000000e+00
-8.855419970967032484e+00 2.235472995684414954e+00 0.000000000000000000e+00
-8.855419970967032484e+00 2.918159896409597209e+00 0.000000000000000000e+00
